state={
	id=565
	name="STATE_565"
	history={
		owner = HXC
		add_core_of = HXC
	}
	provinces={
		1647 1655 1659 1667 1698 1720 1813 1924 2000 2040 2054 2089 2129 2186 2288 2306 2382 2440 2460 2529 2535 2592 2792 2805 2863 2905 2919 2962 3013 3038 3108 3154 3201 3264 3307 3366 3379 3469 3513 3530 3579 3615 3617 3627 3667 3697 3698 3713 3791 3922 3978 3983 4568 4620 4712 4769 4885 4914 4917 4945 4966 4981 5008 5043 5068 5115 5122 5123 5155 5182 5196 5201 5243 5286 5296 5298 5328 5330 5347 5350 5355 5404 5549 5735 5739 5750 5845 5879 5928 5996 6279 6286 6374 6390 6419 6436 6569 6574 6873 6942 6948 7053 7171 7202 7211 7253 7290 7461 7531 7857 8016 8094 8117 8179 8323 8356 8373 8407 8693 8712 8725 8730 8819 8941 9084 9100 9216 9223 9282 9443 9498 9542 9545 9674 9801 9836 9918 10011 10504 10539 10551 10567 10956 11162 11226 11285 11426 11435 11444 11493 11578 11647 11648 11711 11761 11905 12017 12029 12197 12211 12237 12253 12386 12417 12532 12543 
	}
	manpower=0
	buildings_max_level_factor=1.000
	local_supplies=0.000
}
