state={
	id=566
	name="STATE_566"
	history={
		owner = DSC
		add_core_of = DSC
	}
	provinces={
		737 748 821 822 855 875 1455 1531 1636 1639 1708 1716 1795 1837 2034 2045 2170 2180 2536 2543 2768 2814 2853 2950 2995 3468 3741 3784 3966 4610 4626 4695 4701 4716 4739 4761 4798 4824 4865 4934 5048 5082 5120 5132 5200 5223 5228 5436 5462 5564 5664 5780 6002 6115 6397 6621 6801 6860 6909 7022 7245 7507 7945 7975 8007 8022 8042 8517 8673 8709 8745 8816 8870 9002 9004 9567 9688 10206 10300 10421 10445 10636 11614 11820 11895 11896 11995 12234 12334 12335 12425 
	}
	manpower=0
	buildings_max_level_factor=1.000
	local_supplies=0.000
}
