state={
	id=569
	name="STATE_569"
	history={
		owner = JLC
		add_core_of = JLC
	}
	provinces={
		1600 1710 1771 1787 1789 1805 1842 1871 1876 1945 2028 2199 2303 2320 2360 2416 2419 2434 2581 2619 2673 2674 2706 2720 2731 2793 2808 2821 2877 2891 2918 2952 3027 3032 3041 3053 3059 3087 3124 3137 3210 3320 3327 3409 3459 3486 3660 3671 3711 3759 3811 3852 3900 3950 3962 3977 4547 4590 4624 4625 4669 4670 4700 4706 4738 4754 4756 4760 4762 4774 4775 4786 4820 4823 4840 4854 4857 4858 4859 4866 4880 4894 4909 4915 4921 4942 4948 4960 5009 5012 5032 5076 5079 5113 5119 5129 5131 5156 5173 5179 5184 5190 5242 5263 5291 5309 5338 5339 5364 5380 5396 5459 5488 5554 5601 5603 5631 5648 5725 5931 6060 6141 6280 6345 6449 6458 6485 6570 6646 6721 6819 6864 6902 7070 7132 7168 7209 7282 7296 7331 7375 7452 7553 7662 7912 7991 8019 8054 8055 8142 8154 8183 8324 8353 8382 8440 8449 8587 8621 8683 8822 9026 9056 9059 9382 9493 9649 9730 9866 10019 10029 10153 10175 10217 10295 10348 10354 10360 10466 10555 10561 10646 10695 10722 10740 10777 10823 10849 10884 10887 11047 11137 11171 11191 11331 11341 11383 11425 11552 11822 11832 11946 12030 12198 12232 12289 12299 12466 12557 12566 12571 
	}
	manpower=0
	buildings_max_level_factor=1.000
	local_supplies=0.000
}
