state = {
	id = 62
	name = "STATE_62"
	state_category = town
	manpower = 792400

	history = {
		owner = BLH
		victory_points = {
			2117 10
		}
		buildings = {
			infrastructure = 5
			arms_factory = 1
			industrial_complex = 3
			air_base = 4
		}
		add_core_of = BLH
	}

	provinces={
		699 706 761 771 787 817 937 982 1093 1207 1297 1320 1384 1528 1533 1535 1547 1565 1574 1575 1579 1586 1646 1672 1681 1682 1746 1750 1784 1810 1822 1827 1889 1912 1934 1968 1970 2059 2064 2115 2117 2174 2179 2188 2226 2232 2237 2240 2257 2290 2296 2362 2385 2397 2449 2488 2502 2518 2546 2603 2626 2658 2741 2773 2780 2796 2827 2845 2850 2861 2883 2890 2895 2941 3050 3074 3105 3119 3179 3209 3225 3240 3311 3316 3325 3337 3390 3406 3447 3479 3531 3553 3566 3594 3623 3648 3683 3727 3804 3813 3832 3866 3893 3908 3971 4715 5854 6443 6489 6522 7633 7804 8303 8339 8510 8661 8867 9083 9154 9395 10003 10056 10886 10941 11242 11327 11339 11699 11703 11849 12248 12360 12380 12430 12470 
	}
	buildings_max_level_factor = 1.000
}