state = {
	id = 75
	name = "Skyrona"
	state_category = town
	manpower = 792400

	history = {
		owner = SKR
		victory_points = {
			12562 35
		}
		buildings = {
			infrastructure = 5
			arms_factory = 1
			industrial_complex = 3
			air_base = 4
		}
		add_core_of = SKR
	}

	provinces = {
		775 785 963 1009 1087 1101 1183 1184 1303 1471 1543 1556 1614 1630 1635 1660 1683 1701 1711 1723 1726 1731 1758 1768 1769 1783 1800 1830 1870 2013 2068 2124 2127 2147 2154 2204 2221 2255 2271 2275 2351 2365 2372 2411 2424 2425 2435 2475 2527 2533 2594 2676 2677 2702 2733 2820 2841 2851 2879 2888 2892 2893 2901 2957 2958 2992 3045 3058 3063 3088 3116 3189 3191 3203 3213 3237 3329 3357 3367 3395 3440 3525 3575 3596 3600 3611 3633 3657 3668 3762 3764 3780 3788 3798 3888 3901 3904 3905 3942 4552 4554 4567 4609 4616 4617 4635 4641 4643 4647 4654 4656 4661 4674 4686 4697 4720 4730 4737 4743 4763 4765 4773 4780 4797 4805 4839 4881 4887 4889 4890 4928 4933 4963 4973 4984 4991 4992 5001 5033 5041 5045 5070 5073 5084 5088 5112 5124 5125 5128 5138 5150 5153 5162 5199 5202 5255 5285 5289 5292 5294 5297 5300 5327 5332 5334 5345 5610 5629 5748 5756 5830 6157 6233 6239 6341 6358 6403 6426 6473 6758 6988 7090 7240 7263 7356 7369 7467 7494 7572 7613 7628 7712 7787 7814 7876 7898 7928 8065 8136 8170 8231 8476 8868 8920 8938 9021 9045 9156 9158 9190 9193 9354 9437 9452 9468 9483 9527 9619 9684 9794 9904 9945 10083 10185 10246 10323 10544 10604 10681 10759 10908 10909 11206 11253 11306 11519 11583 11592 11637 11674 11701 11794 11843 11915 11925 12235 12252 12338 12373 12395 12432 12476 12509 12519 12533 12556 12562 12572 
	}
	buildings_max_level_factor = 1.000
}